Linear Regression Model: Intention ~ Attitude + Norms + Control
============================================================

Residuals:
           1            2            3            4            5            6            7            8            9 
 -2.19875068  -5.22925792   3.26326430   5.39669786   1.87786734   1.87786734  -8.12213266  -2.82470646   0.98079365 
          10           11           12           13           14           15           16           17           18 
 -1.30167699  -1.31722869  -8.53088308  11.00774993  -0.03836085   1.87786734   4.77074208  -6.61465488  -2.32083150 
          19           20           21           22           23           24           25           26           27 
  8.69832301  14.62170498   3.87366839   5.66781576   3.38534512  -6.61465488 -11.30167699   2.48827143   0.98079365 
          28           29           30           31           32           33           34           35           36 
  0.98079365   2.48827143   0.20580078 -13.70622845   0.98079365  -6.73673570  -2.94678728   8.69832301   0.98079365 
          37           38           39           40           41           42 
 -3.84386097   1.87786734   0.08371997  -1.57279490  -4.33218424   2.48827143 

Coefficients:
(Intercept) 	 2.6075 	 4.10963 	 0.634 	 0.53 	   
numeric_attitude 	 0.22825 	 0.08955 	 2.549 	 0.015 	 * 
numeric_norms 	 0.15075 	 0.13808 	 1.092 	 0.282 	   
numeric_control 	 0.5313 	 0.11485 	 4.626 	 4.24e-05 	 *** 

Significance codes: ‘***’ 0.001 ‘**’ 0.01 ‘*’ 0.05 ‘.’ 0.1 ‘ ’ 1

Residual standard error: 5.907 on 38 degrees of freedom
Multiple R-squared: 0.6886 
Adjusted R-squared: 0.664 
F-statistic: 28 on 3 and 38 DF
Model p-value: 9.96e-10 
